  100.00  0.66893E+11  0.163
  110.00  0.88723E+11  0.216
  120.00  0.83722E+11  0.204
  130.00  0.90546E+11  0.220
  140.00  0.98170E+11  0.239
  150.00  0.10723E+12  0.261
  160.00  0.11845E+12  0.288
  170.00  0.13342E+12  0.325
  180.00  0.15771E+12  0.384
  190.00  0.19001E+12  0.462
  200.00  0.22452E+12  0.546
  210.00  0.26011E+12  0.633
  220.00  0.29533E+12  0.718
  230.00  0.32857E+12  0.799
  240.00  0.35807E+12  0.871
  250.00  0.38221E+12  0.930
  260.00  0.39957E+12  0.972
  270.00  0.40920E+12  0.995
  280.00  0.41090E+12  0.999
  290.00  0.40684E+12  0.990
  300.00  0.39835E+12  0.969
  310.00  0.38628E+12  0.940
  320.00  0.37150E+12  0.904
  330.00  0.35480E+12  0.863
  340.00  0.33690E+12  0.819
  350.00  0.31838E+12  0.774
  360.00  0.29972E+12  0.729
  370.00  0.28131E+12  0.684
  380.00  0.26340E+12  0.641
  390.00  0.24621E+12  0.599
  400.00  0.22985E+12  0.559
  410.00  0.21441E+12  0.522
  420.00  0.19991E+12  0.486
  430.00  0.18637E+12  0.453
  440.00  0.17377E+12  0.423
  450.00  0.16207E+12  0.394
  460.00  0.15123E+12  0.368
  470.00  0.14120E+12  0.343
  480.00  0.13194E+12  0.321
  490.00  0.12339E+12  0.300
  500.00  0.11550E+12  0.281
  510.00  0.10822E+12  0.263
  520.00  0.10150E+12  0.247
  530.00  0.95298E+11  0.232
  540.00  0.89569E+11  0.218
  550.00  0.84274E+11  0.205
  560.00  0.79378E+11  0.193
  570.00  0.74848E+11  0.182
  580.00  0.70652E+11  0.172
  590.00  0.66762E+11  0.162
  600.00  0.63154E+11  0.154
  610.00  0.59804E+11  0.145
  620.00  0.56689E+11  0.138
  630.00  0.53791E+11  0.131
  640.00  0.51093E+11  0.124
  650.00  0.48577E+11  0.118
  660.00  0.46230E+11  0.112
  670.00  0.44037E+11  0.107
  680.00  0.41987E+11  0.102
  690.00  0.40069E+11  0.097
  700.00  0.38272E+11  0.093
  710.00  0.36586E+11  0.089
  720.00  0.35005E+11  0.085
  730.00  0.33519E+11  0.082
  740.00  0.32122E+11  0.078
  750.00  0.30807E+11  0.075
  760.00  0.29569E+11  0.072
  770.00  0.28401E+11  0.069
  780.00  0.27299E+11  0.066
  790.00  0.26259E+11  0.064
  800.00  0.25275E+11  0.061
  810.00  0.24345E+11  0.059
  820.00  0.23464E+11  0.057
  830.00  0.22630E+11  0.055
  840.00  0.21839E+11  0.053
  850.00  0.21088E+11  0.051
  860.00  0.20375E+11  0.050
  870.00  0.19698E+11  0.048
  880.00  0.19054E+11  0.046
  890.00  0.18441E+11  0.045
  900.00  0.17857E+11  0.043
  910.00  0.17301E+11  0.042
  920.00  0.16771E+11  0.041
  930.00  0.16265E+11  0.040
  940.00  0.15782E+11  0.038
  950.00  0.15321E+11  0.037
  960.00  0.14880E+11  0.036
  970.00  0.14458E+11  0.035
  980.00  0.14054E+11  0.034
  990.00  0.13668E+11  0.033
 1000.00  0.13298E+11  0.032
 1010.00  0.12943E+11  0.031
 1020.00  0.12603E+11  0.031
 1030.00  0.12276E+11  0.030
 1040.00  0.11963E+11  0.029
 1050.00  0.11662E+11  0.028
 1060.00  0.11372E+11  0.028
 1070.00  0.11094E+11  0.027
 1080.00  0.10827E+11  0.026
 1090.00  0.10569E+11  0.026
 1100.00  0.10321E+11  0.025
 1110.00  0.10083E+11  0.025
 1120.00  0.98525E+10  0.024
 1130.00  0.96307E+10  0.023
 1140.00  0.94168E+10  0.023
 1150.00  0.92104E+10  0.022
 1160.00  0.90112E+10  0.022
 1170.00  0.88189E+10  0.021
 1180.00  0.86331E+10  0.021
 1190.00  0.84535E+10  0.021
 1200.00  0.82799E+10  0.020
 1210.00  0.81121E+10  0.020
 1220.00  0.79497E+10  0.019
 1230.00  0.77925E+10  0.019
 1240.00  0.76404E+10  0.019
 1250.00  0.74930E+10  0.018
 1260.00  0.73503E+10  0.018
 1270.00  0.72120E+10  0.018
 1280.00  0.70779E+10  0.017
 1290.00  0.69478E+10  0.017
 1300.00  0.68217E+10  0.017
 1310.00  0.66993E+10  0.016
 1320.00  0.65805E+10  0.016
 1330.00  0.64652E+10  0.016
 1340.00  0.63532E+10  0.015
 1350.00  0.62444E+10  0.015
 1360.00  0.61387E+10  0.015
 1370.00  0.60359E+10  0.015
 1380.00  0.59360E+10  0.014
 1390.00  0.58388E+10  0.014
 1400.00  0.57443E+10  0.014
 1410.00  0.56523E+10  0.014
 1420.00  0.55627E+10  0.014
 1430.00  0.54756E+10  0.013
 1440.00  0.53907E+10  0.013
 1450.00  0.53080E+10  0.013
 1460.00  0.52275E+10  0.013
 1470.00  0.51490E+10  0.013
 1480.00  0.50725E+10  0.012
 1490.00  0.49979E+10  0.012
 1500.00  0.49251E+10  0.012
 1510.00  0.48542E+10  0.012
 1520.00  0.47849E+10  0.012
 1530.00  0.47174E+10  0.011
 1540.00  0.46515E+10  0.011
 1550.00  0.45871E+10  0.011
 1560.00  0.45243E+10  0.011
 1570.00  0.44629E+10  0.011
 1580.00  0.44029E+10  0.011
 1590.00  0.43443E+10  0.011
 1600.00  0.42871E+10  0.010
 1610.00  0.42311E+10  0.010
 1620.00  0.41764E+10  0.010
 1630.00  0.41229E+10  0.010
 1640.00  0.40706E+10  0.010
 1650.00  0.40195E+10  0.010
 1660.00  0.39694E+10  0.010
 1670.00  0.39204E+10  0.010
 1680.00  0.38725E+10  0.009
 1690.00  0.38256E+10  0.009
 1700.00  0.37796E+10  0.009
 1710.00  0.37346E+10  0.009
 1720.00  0.36906E+10  0.009
 1730.00  0.36474E+10  0.009
 1740.00  0.36052E+10  0.009
 1750.00  0.35638E+10  0.009
 1760.00  0.35232E+10  0.009
 1770.00  0.34834E+10  0.008
 1780.00  0.34444E+10  0.008
 1790.00  0.34062E+10  0.008
 1800.00  0.33687E+10  0.008
 1810.00  0.33319E+10  0.008
 1820.00  0.32958E+10  0.008
 1830.00  0.32605E+10  0.008
 1840.00  0.32258E+10  0.008
 1850.00  0.31917E+10  0.008
 1860.00  0.31583E+10  0.008
 1870.00  0.31255E+10  0.008
 1880.00  0.30933E+10  0.008
 1890.00  0.30616E+10  0.007
 1900.00  0.30306E+10  0.007
 1910.00  0.30001E+10  0.007
 1920.00  0.29701E+10  0.007
 1930.00  0.29407E+10  0.007
 1940.00  0.29118E+10  0.007
 1950.00  0.28834E+10  0.007
 1960.00  0.28555E+10  0.007
 1970.00  0.28281E+10  0.007
 1980.00  0.28011E+10  0.007
 1990.00  0.27746E+10  0.007
 2000.00  0.27486E+10  0.007